PATRONES DEL ABECERARIO Y SIGNOS QUE SON NECESARIOS

************************************************



int A[64]={0,1,1,1,1,1,1,0,
	   1,1,1,1,1,1,1,1,
	   1,1,1,0,0,1,1,1,
	   1,1,1,0,0,1,1,1,
	   1,1,1,1,1,1,1,1,
	   1,1,1,1,1,1,1,1,
	   1,1,1,0,0,1,1,1,
	   1,1,1,0,0,1,1,1};

int B[64]={0,0,0,0,0,0,0,0,
	   1,1,1,1,1,1,1,0,
	   1,1,0,0,0,0,1,1,
	   1,1,0,0,0,0,1,1,
	   1,1,1,1,1,1,1,0,
	   1,1,0,0,0,0,1,1,
	   1,1,0,0,0,0,1,1,
	   1,1,1,1,1,1,1,0};

int C[64]={0,1,1,1,1,1,1,0,
	   1,1,1,1,1,1,1,1,
	   1,1,0,0,0,0,1,1,
	   1,1,0,0,0,0,0,0,
	   1,1,0,0,0,0,0,0,
	   1,1,0,0,0,0,1,1,
	   1,1,1,1,1,1,1,1,
	   0,1,1,1,1,1,1,0};

int D[64]={1,1,1,1,1,1,0,0,
	   1,1,1,1,1,1,1,0,
	   1,1,0,0,0,0,1,1,
	   1,1,0,0,0,0,1,1,
	   1,1,0,0,0,0,1,1,
	   1,1,0,0,0,0,1,1,
	   1,1,1,1,1,1,1,0,
	   1,1,1,1,1,1,0,0};


int E[64]={1,1,1,1,1,1,1,0,
	   1,1,1,1,1,1,1,0,
	   1,1,0,0,0,0,0,0,
	   1,1,1,1,1,1,0,0,
	   1,1,1,1,1,1,0,0,
	   1,1,0,0,0,0,0,0,
	   1,1,1,1,1,1,1,0,
	   1,1,1,1,1,1,1,0};

int F[64]={0,0,1,1,1,1,1,0,
       0,1,1,1,1,1,1,0,
       0,1,1,0,0,0,0,0,
       0,1,1,1,1,1,0,0,
       0,1,1,1,1,1,0,0,
       0,1,1,0,0,0,0,0,
       0,1,1,0,0,0,0,0,
       0,1,1,0,0,0,0,0};


int G[64]={0,1,1,1,1,1,1,0,
           1,1,1,1,1,1,1,1,
           1,1,0,0,0,0,0,0,
           1,1,0,0,1,1,1,1,
           1,1,0,0,1,0,0,1,
           1,1,0,0,0,0,0,1,
           1,1,1,1,1,1,1,1,
           0,1,1,1,1,1,1,0};

int H[64]={0,1,1,0,0,1,1,0,
	   0,1,1,0,0,1,1,0,
	   0,1,1,0,0,1,1,0,
	   0,1,1,1,1,1,1,0,
	   0,1,1,1,1,1,1,0,
	   0,1,1,0,0,1,1,0,
	   0,1,1,0,0,1,1,0,
	   0,1,1,0,0,1,1,0};

int I[64]={0,1,1,1,1,1,1,0,
           0,1,1,1,1,1,1,0,
           0,0,0,1,1,0,0,0,
           0,0,0,1,1,0,0,0,
           0,0,0,1,1,0,0,0,
           0,0,0,1,1,0,0,0,
           0,1,1,1,1,1,1,0,
           0,1,1,1,1,1,1,0};


int J[64]={0,0,0,0,1,1,0,0,
           0,0,0,0,1,1,0,0,
           0,0,0,0,1,1,0,0,
           0,0,0,0,1,1,0,0,
           0,0,0,0,1,1,0,0,
           0,1,1,0,1,1,0,0,
           0,1,1,1,1,1,0,0,
           0,0,1,1,1,0,0,0};


int K[64]={0,1,1,0,0,1,1,0,
           0,1,1,0,1,1,1,0,
           0,1,1,1,1,0,0,0,
           0,1,1,1,0,0,0,0,
           0,1,1,1,1,0,0,0,
           0,1,1,0,1,1,0,0,
           0,1,1,0,0,1,1,0,
           0,1,1,0,0,1,1,0};

int L[64]={0,1,1,0,0,0,0,0,
           0,1,1,0,0,0,0,0,
           0,1,1,0,0,0,0,0,
           0,1,1,0,0,0,0,0,
           0,1,1,0,0,0,0,0,
           0,1,1,0,0,0,0,0,
           0,1,1,1,1,1,1,0,
           0,1,1,1,1,1,1,0};

int M[64]={1,1,0,0,0,0,1,1,
           1,1,1,0,0,1,1,1,
           1,1,1,0,0,1,1,1,
           1,1,1,1,1,1,1,1,
           1,1,0,1,1,0,1,1,
           1,1,0,0,0,0,1,1,
           1,1,0,0,0,0,1,1,
           1,1,0,0,0,0,1,1};

int N[64]={1,1,0,0,0,0,1,1,
           1,1,1,0,0,0,1,1,
           1,1,1,1,0,0,1,1,
           1,1,1,1,1,0,1,1,
           1,1,0,1,1,1,1,1,
           1,1,0,0,1,1,1,1,
           1,1,0,0,0,1,1,1,
           1,1,0,0,0,0,1,1};

int O[64]={0,1,1,1,1,1,1,0,
           1,1,1,1,1,1,1,1,
           1,1,0,0,0,0,1,1,
           1,1,0,0,0,0,1,1,
           1,1,0,0,0,0,1,1,
           1,1,0,0,0,0,1,1,
           1,1,1,1,1,1,1,1,
           0,1,1,1,1,1,1,0};

int P[64]={0,1,1,1,1,1,0,0,
           0,1,1,0,0,1,1,0,
           0,1,1,0,0,1,1,0,
           0,1,1,0,0,1,1,0,
           0,1,1,1,1,1,0,0,
           0,1,1,0,0,0,0,0,
           0,1,1,0,0,0,0,0,
           0,1,1,0,0,0,0,0};


int Q[64]={0,1,1,1,1,1,1,0,
           1,1,1,1,1,1,1,1,
           1,1,0,0,0,0,1,1,
           1,1,0,0,1,0,1,1,
           1,1,0,0,1,1,1,1,
           1,1,0,0,0,1,1,1,
           1,1,1,1,1,1,1,0,
           0,1,1,1,1,1,0,1};

int R[64]={0,1,1,1,1,1,0,0,
           0,1,1,0,0,1,1,0,
           0,1,1,0,0,1,1,0,
           0,1,1,0,0,1,1,0,
           0,1,1,1,1,1,0,0,
           0,1,1,0,1,1,0,0,
           0,1,1,0,0,1,1,0,
           0,1,1,0,0,0,1,1};

int S[64]={0,0,1,1,1,1,0,0,
           0,1,1,0,0,1,1,0,
           0,1,1,0,0,0,0,0,
           0,1,1,0,0,0,0,0,
           0,0,1,1,1,1,0,0,
           0,0,0,0,0,1,1,0,
           0,1,1,0,0,1,1,0,
           0,0,1,1,1,1,0,0};

int T[64]={0,1,1,1,1,1,1,0,
           0,1,1,1,1,1,1,0,
           0,0,0,1,1,0,0,0,
       	   0,0,0,1,1,0,0,0,
       	   0,0,0,1,1,0,0,0,
       	   0,0,0,1,1,0,0,0,
       	   0,0,0,1,1,0,0,0,
       	   0,0,0,1,1,0,0,0};

int U[64]={0,1,1,0,0,1,1,0,
           0,1,1,0,0,1,1,0,
           0,1,1,0,0,1,1,0,
           0,1,1,0,0,1,1,0,
           0,1,1,0,0,1,1,0,
           0,1,1,0,0,1,1,0,
           0,1,1,0,0,1,1,0,
           0,0,1,1,1,1,0,0};

int V[64]={0,1,1,0,0,1,1,0,
           0,1,1,0,0,1,1,0,
           0,1,1,0,0,1,1,0,
           0,1,1,0,0,1,1,0,
           0,1,1,0,0,1,1,0,
           0,1,1,0,0,1,1,0,
           0,0,1,1,1,1,0,0,
           0,0,0,1,1,0,0,0};

int W[64]={1,1,0,0,0,0,1,1,
 	   1,1,0,0,0,0,1,1,
 	   1,1,0,0,0,0,1,1,
 	   1,1,0,0,0,0,1,1,
 	   1,1,0,1,1,0,1,1,
  	   1,1,0,1,1,0,1,1,
 	   0,1,1,1,1,1,1,0,
 	   0,0,1,0,0,1,0,0};

int X[64]={1,1,1,0,0,1,1,1,
           1,1,1,0,0,1,1,1,
           0,1,1,0,0,1,1,0,
           0,0,1,1,1,1,0,0,
           0,0,1,1,1,1,0,0,
           0,1,1,0,0,1,1,0,
           1,1,1,0,0,1,1,1,
           1,1,1,0,0,1,1,1};

int Y[64]={0,1,1,0,0,1,1,0,
           0,1,1,0,0,1,1,0,
           0,1,1,0,0,1,1,0,
           0,0,1,1,1,1,0,0,
           0,0,0,1,1,0,0,0,
           0,0,0,1,1,0,0,0,
           0,0,0,1,1,0,0,0,
           0,0,0,1,1,0,0,0};

int Z[64]={0,1,1,1,1,1,1,0,
 	   0,1,1,1,1,1,1,0,
 	   0,0,0,0,0,1,1,0,
 	   0,0,0,0,1,1,0,0,
 	   0,0,0,1,1,0,0,0,
 	   0,0,1,1,0,0,0,0,
 	   0,1,1,1,1,1,1,0,
 	   0,1,1,1,1,1,1,0};

int Admiracion[64]={0,0,0,1,1,0,0,0,
      		    0,0,0,1,1,0,0,0,
		    0,0,0,1,1,0,0,0,
		    0,0,0,1,1,0,0,0,
   		    0,0,0,1,1,0,0,0,
  		    0,0,0,1,1,0,0,0,
	            0,0,0,0,0,0,0,0,
	            0,0,0,1,1,0,0,0};

int Uno[64]={0,0,0,1,1,0,0,0,
             0,0,1,1,1,0,0,0,
             0,1,0,1,1,0,0,0,
             0,0,0,1,1,0,0,0,
             0,0,0,1,1,0,0,0,
             0,0,0,1,1,0,0,0,
             0,0,0,1,1,0,0,0,
             0,0,1,1,1,1,0,0};